ID;title;cat;lat;lng;count;time
0;全聚德(和平门店);2;39.89789286;116.3788241;14110;20;54;47;50;54;51;56;54;58;47;59;50;55;55;52;54;55;60;52;58;64;57;53;55;50;59;58;57;57;55;54;56;67;63;66;57;60;59;57;53;63;56;62;65;60;55;58;58;60;55;50;51;36;2
1;中联鑫华酒店;4;39.89826231;116.3795735;106;2;2;1;0;2;0;1;3;2;1;1;1;1;2;1;0;1;1;2;1;3;3;2;3;3;3;2;2;3;2;2;3;1;2;1;2;3;1;3;3;3;1;0;1;0;3;0;4;2;2;2;1;1;1
2;厂甸庙会;6;39.89794316;116.3784045;33;0;0;0;0;1;0;9;2;2;1;0;0;0;0;0;0;0;0;0;0;0;0;0;0;0;0;0;0;0;0;0;0;0;0;0;0;0;0;0;0;0;0;0;0;0;0;0;0;0;0;0;0;0;0
3;华夏银行和平门支行;5;39.89786316;116.3784145;7;0;0;0;0;0;0;0;0;0;0;0;0;0;0;0;0;0;0;0;0;0;1;0;0;0;0;3;0;0;0;0;0;2;0;0;1;0;0;0;0;0;0;0;0;0;0;0;0;0;0;0;0;0;0
4;老上海城隍庙小吃(和平门店);2;39.89873158;116.3806126;337;2;6;13;3;5;5;10;2;8;7;4;7;7;4;8;6;3;4;5;7;6;7;4;7;8;4;7;2;6;2;7;3;6;4;8;8;7;6;3;5;6;7;6;9;5;7;10;6;4;12;7;5;3;0
5;北京供电局;5;39.89896976;116.3836405;22;0;0;0;2;2;1;0;2;0;0;1;2;0;0;0;0;0;0;0;1;1;0;1;0;1;0;0;0;0;1;0;1;0;0;0;0;0;0;0;0;0;0;0;0;0;0;1;0;0;0;1;0;0;1
6;老舍茶馆 前门店;2;39.89833817;116.3871188;5061;13;37;41;39;39;42;41;36;41;29;28;35;35;38;37;41;36;39;37;35;42;34;37;37;29;31;37;39;35;40;35;38;40;38;44;33;41;33;32;39;41;33;40;35;33;39;36;40;33;36;37;38;28;2
7;前门西;6;39.89887801;116.3874586;146;1;1;1;0;2;6;5;3;1;1;2;3;4;2;3;6;5;5;0;2;0;5;3;1;1;4;3;1;3;4;4;1;0;2;2;3;1;2;0;3;3;2;1;0;3;1;1;0;2;4;5;3;1;1
8;泰丰楼;2;39.89863893;116.3853296;464;2;13;8;12;14;10;12;11;14;9;6;8;4;7;9;5;7;7;4;6;8;6;6;7;11;6;2;4;5;7;9;10;8;9;7;7;5;7;8;11;15;7;12;5;10;9;7;12;6;6;10;7;4;0
9;顺潮龙大酒楼;2;39.89829827;116.3868689;24;1;0;0;0;1;0;2;2;0;0;0;0;0;0;0;0;1;0;1;1;0;0;1;1;1;0;0;0;1;0;0;3;0;0;0;0;0;0;0;0;2;0;2;0;0;0;1;0;0;1;0;1;0;0
10;正阳商城;1;39.89833817;116.3871088;7;0;0;0;0;1;0;0;0;0;0;1;1;0;0;0;0;0;0;0;0;0;0;0;0;0;0;0;0;0;0;0;0;0;0;0;0;0;1;0;0;0;0;0;1;0;0;0;0;0;0;0;1;0;0
11;国美电器商城前门西大街店;1;39.89835867;116.3859094;25;0;1;0;1;0;3;0;0;1;1;1;0;1;1;0;0;0;1;0;2;2;1;1;1;0;0;1;0;1;0;0;0;0;1;0;1;1;0;0;0;0;0;1;0;0;0;0;1;0;0;0;0;0;0
12;扎西德勒藏文化前门旗舰总店;1;39.89828783;116.3880285;8;0;0;0;0;0;0;0;0;0;0;0;0;0;0;0;0;2;0;0;1;0;2;0;0;1;0;1;0;0;0;0;0;0;0;0;0;0;0;0;0;0;0;0;0;0;0;0;0;0;0;0;1;0;0
13;正乙祠戏楼;3;39.89741219;116.3797934;1399;7;15;16;12;14;12;12;5;7;8;8;7;6;5;8;6;10;11;13;14;15;14;9;14;12;9;12;10;9;8;15;15;10;11;10;10;14;11;13;15;12;14;11;12;9;12;14;15;15;17;15;15;10;1
14;北京师大附中;5;39.89654306;116.3786245;365;1;6;7;7;4;6;7;10;7;8;6;4;10;6;3;4;4;2;8;3;4;6;10;7;4;1;2;3;4;3;1;6;5;1;4;6;4;5;5;6;2;4;8;9;12;5;3;6;5;4;9;4;7;0
15;全聚德展览馆;3;39.89755281;116.3789141;75;0;1;1;1;1;0;1;2;0;0;0;0;0;0;0;0;0;0;1;4;4;3;9;6;4;1;0;2;2;1;3;0;0;0;0;0;0;0;0;0;0;0;1;1;2;2;0;2;3;0;3;1;3;0
16;孙记串吧;1;39.89795129;116.3782366;24;0;1;0;1;0;1;0;0;0;0;0;0;0;1;1;0;0;0;1;1;0;0;2;0;0;1;1;2;1;0;1;0;0;0;0;0;1;1;0;1;0;0;0;0;0;0;0;2;0;0;0;0;1;0
17;中国全聚德(集团)股份有限公司;4;39.89755639;116.3789166;7;0;0;1;0;0;0;0;0;0;0;0;0;0;0;0;0;0;0;0;0;0;1;0;0;0;0;0;0;0;0;0;1;0;0;0;0;0;0;1;0;1;0;0;0;0;0;1;0;0;0;0;1;0;0
18;和平自酿酒馆;2;39.89773009;116.3799182;419;1;5;8;9;3;10;9;6;6;1;6;1;3;3;9;8;12;9;7;9;10;9;6;7;5;6;8;6;5;1;4;7;5;4;5;7;5;6;6;2;4;3;5;6;4;2;8;4;8;4;9;9;2;0
19;北京市宣武区少年美术馆(和平门邮电局东);3;39.89779194;116.3801331;6;0;0;0;0;0;1;0;0;0;0;0;0;1;1;1;0;0;0;0;0;0;0;1;0;0;0;0;0;0;0;0;0;0;0;0;0;0;0;0;0;0;0;0;0;0;0;0;0;0;1;0;0;0;0
20;北京师范大学附属中学(南门);5;39.89599311;116.3785945;23;0;1;0;0;0;0;3;1;0;1;1;1;3;1;1;2;0;0;0;0;0;0;0;0;0;0;0;0;0;0;1;0;0;1;0;0;0;2;0;0;1;0;0;1;0;0;0;1;0;0;0;0;0;0
21;小黑屋;5;39.89659773;116.3790861;11;0;0;0;0;0;0;0;0;1;2;0;0;1;0;0;2;0;0;0;0;0;0;0;0;2;0;0;0;0;0;0;2;0;0;0;0;0;0;0;0;0;0;0;0;0;0;0;0;0;0;0;0;0;0
22;厂甸11号院;5;39.8950925;116.3795039;15;0;0;0;2;0;2;2;1;0;0;0;0;0;0;0;0;0;0;0;0;0;1;1;0;0;0;0;0;0;0;0;0;0;0;0;0;1;0;0;0;0;0;0;0;0;0;0;0;0;0;0;0;0;0
23;厂甸甲9号院;5;39.89466254;116.379474;5;0;1;0;0;0;0;1;0;0;0;0;0;0;0;0;1;0;0;0;0;0;0;0;0;0;0;0;0;0;0;0;0;0;0;1;0;0;1;0;0;0;0;0;0;0;0;0;0;0;0;0;0;0;0
24;厂甸电话局客服管理室;5;39.89508288;116.3789644;6;0;0;0;0;0;0;0;0;0;0;0;0;0;0;0;0;0;1;1;0;0;0;0;0;0;0;0;0;0;0;0;0;0;1;0;0;1;0;0;0;0;0;0;0;0;0;0;0;0;0;0;1;1;0
25;虎坊桥小区;0;39.89559395;116.383566;11493;10;22;20;20;21;20;21;21;19;19;21;17;19;22;21;20;20;22;24;24;23;23;21;21;22;17;16;16;20;19;19;18;20;19;21;22;21;17;20;19;22;19;20;17;20;19;21;20;16;15;19;19;14;2
26;北京市宣武区炭儿胡同小学;5;39.89443957;116.3843907;10;0;0;0;0;0;0;0;0;0;0;1;1;1;0;0;0;0;0;0;1;0;1;0;0;1;1;0;0;0;0;0;0;0;0;1;0;0;0;0;0;0;0;0;0;1;0;1;0;0;0;0;0;0;0
27;宣武文化馆;3;39.89396092;116.3820022;14;0;0;0;0;1;0;1;0;0;0;0;0;0;0;0;0;1;0;0;0;1;0;0;0;0;1;0;0;1;0;0;0;1;0;0;1;0;0;0;0;0;0;0;0;2;0;0;0;0;0;0;0;0;0
28;陈记卤煮小肠 取灯胡同店;2;39.89522801;116.3879189;443;7;7;5;9;3;6;6;7;15;8;9;10;7;8;9;9;10;7;5;7;8;5;7;5;7;5;4;5;8;8;3;3;7;2;4;2;2;7;7;6;8;7;11;7;7;5;9;5;5;9;6;4;4;2
29;欣燕都连锁酒店前门店;4;39.8975482;116.3871389;141;2;2;4;2;1;0;1;4;1;0;1;0;4;1;2;2;3;1;2;4;4;4;2;2;4;2;2;1;4;1;3;3;4;0;1;3;2;4;3;4;7;2;4;3;1;3;4;2;1;1;3;5;5;0
30;面爱面 前门店;2;39.89833733;116.389548;391;1;7;8;7;5;9;8;10;7;5;8;9;9;6;3;5;3;6;9;7;5;7;9;3;6;5;6;8;5;6;10;6;7;7;5;3;7;9;4;8;9;9;5;12;9;9;9;3;7;6;7;9;4;0
31;金正阳酒楼;2;39.89800752;116.3889682;3;0;0;0;0;0;0;0;0;0;0;0;0;0;0;0;0;0;1;0;0;0;0;0;0;0;0;0;0;0;1;0;0;0;0;0;0;0;0;0;0;0;0;0;0;0;0;0;0;0;1;0;0;0;0
32;Soloist coffee;2;39.89457858;116.3865206;627;6;9;9;8;10;9;6;7;12;4;6;7;6;7;8;7;3;9;5;3;11;7;8;8;4;8;11;9;7;9;8;9;10;7;5;7;8;8;10;10;12;12;5;6;8;8;9;8;9;8;9;9;7;0
33;云南商店;1;39.89436794;116.3882089;39;0;0;0;3;0;0;0;2;0;0;0;3;1;4;2;0;1;1;1;0;0;0;0;0;1;0;0;0;1;0;0;0;1;0;2;2;2;2;2;1;0;1;0;0;0;0;0;1;1;0;0;0;2;0
34;青云阁;3;39.89387834;116.3871894;61;0;0;6;1;0;2;0;2;2;1;0;1;3;1;2;0;2;2;4;1;1;0;1;0;0;0;1;1;2;1;0;0;3;2;1;0;0;1;2;1;2;3;0;1;0;2;0;3;0;0;0;1;1;0
35;前门客栈;4;39.89465796;116.3881089;127;0;2;4;2;3;4;4;0;1;1;2;4;1;0;1;2;0;3;0;2;1;2;4;4;0;3;3;0;3;3;2;3;4;4;3;0;3;4;2;2;1;2;3;3;1;2;4;3;2;0;0;3;0;0
36;365in;4;39.89418816;116.3876392;18;0;0;0;0;1;1;0;1;0;0;0;0;0;0;0;0;1;0;0;1;0;1;0;0;0;0;0;1;0;0;0;1;0;0;0;2;2;1;1;0;2;0;0;1;0;0;0;0;0;0;0;0;0;0
37;天平商务楼;4;39.89263245;116.379734;105;1;0;2;2;0;2;2;0;1;2;2;0;0;1;0;0;0;0;0;0;0;0;4;0;0;1;3;7;4;5;3;3;6;4;3;1;2;2;0;0;1;0;1;3;4;1;2;3;2;2;1;1;0;0
38;中国书店（来薰阁书店);1;39.89373303;116.3788446;40;0;0;0;0;0;1;0;1;0;1;1;0;1;0;2;2;2;1;0;1;1;1;0;0;2;0;0;0;1;0;0;1;0;1;0;1;0;0;0;2;0;2;1;1;1;1;1;1;2;2;1;0;0;0
39;高丽高烤肉城 南新华街店;2;39.89210311;116.3788348;597;3;8;9;7;9;9;11;10;9;6;8;7;12;6;5;9;8;7;9;7;11;6;7;8;10;12;9;10;7;10;10;9;7;9;13;12;10;13;7;15;6;6;11;8;11;7;5;10;11;8;8;7;7;0
40;老浒记民俗酒楼 琉璃厂店;1;39.89286419;116.3788712;997;6;20;22;19;22;15;21;22;27;13;24;26;19;15;17;16;12;8;13;16;13;19;10;17;10;15;17;13;11;12;17;20;17;18;18;16;14;16;16;10;21;18;10;9;20;19;15;17;15;15;18;10;14;1
41;锦昌(琉璃厂东街);1;39.89378266;116.3793642;5;0;1;0;0;0;0;0;0;0;0;0;0;0;0;0;0;0;0;0;0;0;1;0;0;0;1;0;0;1;0;0;0;0;0;0;0;0;1;0;0;0;0;0;0;0;0;0;0;0;0;0;0;0;0
42;北京银行琉璃厂支行;4;39.89289314;116.3787448;7;0;0;0;1;1;0;0;0;0;0;0;0;0;0;0;0;0;0;0;0;0;0;0;0;0;1;0;0;0;0;0;2;0;0;0;0;0;0;0;0;0;0;0;0;0;0;0;0;1;0;0;0;0;0
43;宣武人才服务中心人才开发培训部;4;39.89290314;116.3787548;3;0;0;0;0;0;0;0;0;0;0;0;0;0;0;0;0;0;0;0;0;0;0;0;0;0;0;0;0;0;0;0;0;0;0;0;0;0;0;0;0;0;1;0;0;0;0;1;1;0;0;0;0;0;0
44;戴月轩;1;39.89391203;116.3802635;20;0;1;1;1;0;0;1;1;1;0;1;0;0;0;0;0;0;1;0;1;1;0;0;0;0;1;0;0;0;0;0;1;0;0;0;2;0;1;2;0;0;0;1;0;1;0;0;0;1;0;0;0;0;0
45;北京琉璃厂文化创意产业园区办公室;4;39.89287281;116.3792044;8;0;0;0;0;0;0;0;0;0;0;0;1;1;1;2;0;0;0;1;0;0;0;0;1;0;0;0;0;0;0;0;0;0;0;0;0;0;0;0;0;1;0;0;0;0;0;0;0;0;0;0;0;0;0
46;八大胡同;6;39.89128982;116.3841912;2062;14;20;26;23;22;21;22;17;17;17;17;17;15;18;20;20;16;19;18;19;18;18;18;20;16;15;15;15;16;20;21;21;20;24;18;20;21;20;13;19;19;20;17;21;17;12;15;17;21;20;23;21;15;2
47;杨梅竹斜街;6;39.89378749;116.3823077;767;10;19;18;19;22;19;18;15;13;11;6;5;3;5;5;2;5;7;9;6;6;9;10;9;5;9;10;7;4;6;8;5;8;5;3;5;9;14;14;14;16;6;7;8;7;5;4;6;5;7;9;8;9;1
48;德缘烤鸭店 大栅栏店;2;39.89337887;116.38597;658;4;9;9;9;10;12;21;18;11;12;7;12;12;8;13;6;10;6;7;7;6;11;14;13;12;9;9;5;7;9;9;12;8;13;14;6;8;13;14;19;18;15;6;13;9;11;6;9;7;9;14;12;8;0
49;一得阁;1;39.89379045;116.3828217;29;0;0;0;0;1;0;1;0;1;0;0;3;0;0;0;0;1;0;1;0;1;2;1;1;1;0;0;0;0;0;1;0;0;0;1;2;1;0;1;0;1;0;1;1;0;1;0;0;1;2;1;1;0;0
50;中国书店;1;39.89382044;116.3828317;10;0;0;0;0;0;0;0;0;0;0;0;0;0;0;1;1;2;0;0;0;0;0;0;0;0;0;0;0;0;0;0;0;0;0;0;0;0;0;0;0;0;0;1;0;1;1;1;0;0;0;1;1;0;0
51;福乐居火锅店;2;39.89295929;116.3851005;46;0;2;1;0;0;1;0;1;0;0;1;0;0;0;1;0;0;0;2;0;2;1;2;2;1;0;0;0;1;0;0;4;0;1;2;0;1;3;1;4;3;0;1;1;0;0;1;1;1;0;2;0;0;0
52;欣燕都连锁酒店大栅栏店;4;39.89190134;116.3814728;88;2;1;0;2;1;3;1;2;5;3;0;1;3;0;1;1;0;1;2;1;0;2;1;1;4;1;2;2;3;1;3;0;0;2;2;1;3;0;2;1;3;3;2;0;5;1;1;3;1;1;0;1;0;1
53;融德画廊(琉璃厂东街);1;39.89384074;116.382322;3;0;0;0;0;0;0;0;0;0;0;0;0;0;1;0;0;0;0;0;0;0;0;0;0;0;1;0;0;0;1;0;0;0;0;0;0;0;0;0;0;0;0;0;0;0;0;0;0;0;0;0;0;0;0
54;SakuraCafeBar;2;39.89347881;116.3861099;56;0;1;1;2;3;2;1;0;0;1;0;0;0;3;3;1;1;1;4;1;0;2;1;1;2;1;1;0;0;2;2;2;1;0;1;3;0;0;0;4;1;1;0;2;0;0;0;0;0;1;0;0;1;0
55;铁树斜街小吃店;2;39.89243978;116.3841611;10;0;0;0;0;0;0;1;0;0;0;0;0;1;0;0;0;0;0;0;0;1;0;0;0;2;0;0;0;0;0;0;2;0;0;0;0;0;0;0;0;1;0;0;0;0;1;0;0;0;0;0;1;0;0
56;东南园小区(南门);5;39.89249118;116.3816826;5;0;0;0;0;0;1;0;0;0;0;0;0;0;0;0;0;2;1;0;0;0;0;0;0;0;0;0;0;0;0;0;0;0;0;0;1;0;0;0;0;0;0;0;0;0;0;0;0;0;0;0;0;0;0
57;上林青年旅舍;4;39.89257455;116.3827389;76;3;6;6;3;7;6;4;5;2;2;0;1;0;1;2;0;3;3;2;4;2;2;1;0;3;5;4;1;6;4;5;6;9;8;3;5;3;5;5;7;5;5;4;5;2;4;3;2;3;7;6;9;5;0
58;安怡之家宾馆前门店;4;39.89347881;116.3861099;15;0;0;1;0;0;0;0;0;0;0;0;0;0;1;0;1;0;0;0;1;0;0;2;0;0;0;0;0;0;0;0;2;0;0;0;0;0;0;0;1;0;0;0;0;2;0;1;1;0;0;0;1;1;0
59;谭鑫培故居;3;39.8917564;116.3824598;9;0;0;0;0;0;1;0;1;0;0;0;0;0;0;0;0;0;1;0;0;0;0;0;0;0;0;2;1;1;0;0;0;0;0;0;0;0;0;0;0;0;0;0;0;0;0;0;1;0;0;0;1;0;0
60;暖日酒吧;2;39.89286948;116.3847207;12;0;0;0;1;0;0;0;0;0;0;0;0;0;0;1;1;0;0;0;1;1;0;0;0;0;0;0;0;0;0;0;0;2;0;0;1;0;0;0;0;0;0;1;0;0;0;0;0;1;0;0;0;0;0
61;铁树花开;6;39.89204852;116.3828419;5;0;0;0;0;0;0;0;0;0;0;0;0;0;0;0;0;0;0;0;0;0;0;1;0;0;1;1;0;0;0;0;0;1;0;1;0;0;0;0;0;0;0;0;0;0;0;0;0;0;0;0;0;0;0
62;贾大爷卤煮;2;39.8934755;116.387765;160;2;3;1;4;5;2;3;2;1;3;0;2;2;3;2;2;2;3;1;0;4;4;1;2;3;2;2;7;1;3;5;2;2;3;4;6;2;4;3;5;5;5;6;3;3;2;2;4;1;2;1;4;0;0
63;京川人家酒楼(大栅栏西街);2;39.89374856;116.3866696;69;0;2;2;1;0;5;2;5;3;1;1;0;1;1;1;1;0;0;2;1;0;1;1;2;2;1;3;0;0;1;0;2;1;1;0;1;1;3;0;2;3;1;0;2;1;3;1;0;1;0;0;1;0;0
64;西华京兆饭店餐厅;2;39.89336799;116.388219;95;1;2;5;1;3;2;0;1;1;0;0;0;1;3;2;1;1;0;0;0;0;0;1;1;0;0;0;2;4;2;2;3;4;2;2;4;4;1;5;2;2;3;3;6;0;1;2;1;2;2;0;4;1;0
65;欣燕都连锁酒店棕树斜街店;4;39.89098902;116.3859003;215;1;3;4;4;3;2;6;3;4;3;3;1;3;1;3;0;3;6;5;4;4;7;3;3;6;3;0;4;6;2;4;4;6;4;7;4;2;6;5;4;6;4;6;5;7;3;5;2;2;2;5;5;2;0
66;京味贾家;2;39.89399812;116.3877591;32;0;0;0;0;0;0;4;2;1;3;0;1;0;1;0;1;0;1;0;1;0;1;0;0;1;0;1;0;0;0;1;1;2;0;0;0;1;1;1;0;0;0;0;2;1;0;0;0;0;0;0;0;3;0
67;天海老北京;2;39.89383842;116.3869995;64;0;4;0;0;2;0;1;3;2;0;2;1;2;1;2;1;1;2;1;1;1;0;0;1;1;0;2;0;1;1;0;2;0;3;1;3;0;0;2;1;2;1;2;1;4;1;0;1;1;1;2;0;1;0
68;阿来客栈;4;39.89358752;116.3867726;221;1;4;8;8;7;9;5;3;2;1;1;2;4;5;1;1;0;5;1;1;1;3;0;1;3;2;4;4;5;3;2;1;3;2;0;1;0;1;1;2;3;1;4;2;1;2;5;0;5;4;5;8;4;0
69;no.98;2;39.89299109;116.3882914;122;0;5;1;1;0;3;0;3;4;2;2;1;2;0;0;2;0;5;5;4;2;1;2;1;1;4;0;5;1;2;3;4;2;1;3;2;2;4;1;3;0;3;6;1;2;2;3;1;1;5;2;2;3;0
70;大栅栏商业建筑;6;39.89281798;116.3882991;7;0;1;0;0;0;0;1;0;0;0;0;0;0;0;0;0;2;0;0;0;0;0;0;0;0;0;0;1;0;0;0;0;0;0;0;0;0;0;1;0;0;0;0;0;0;0;1;0;0;0;0;0;0;0
71;博兴饭店(博兴胡同);4;39.89154837;116.3873896;7;0;0;1;0;0;0;0;0;0;0;0;0;0;0;0;1;0;0;0;1;1;0;0;0;0;0;0;0;0;0;0;0;0;0;0;0;0;0;0;0;1;0;0;0;0;0;0;0;1;1;0;0;0;0
72;虎坊桥烤肉城;2;39.88903351;116.3784955;1149;6;17;12;23;21;18;23;22;29;17;17;15;21;18;20;15;11;17;16;16;15;14;18;16;21;17;12;18;23;14;12;15;19;25;18;20;25;12;7;15;28;15;17;21;15;13;16;14;15;25;19;20;10;1
73;远东饭店(铁树斜街);4;39.89067181;116.3808235;415;4;9;8;7;2;10;12;14;10;2;3;3;5;7;8;10;2;8;1;5;3;3;3;7;4;8;4;4;9;10;6;15;9;8;9;2;5;8;3;8;5;2;6;5;5;0;2;3;1;3;5;5;4;1
74;陆仁餐厅;2;39.89034281;116.3793746;93;1;3;3;1;1;0;4;1;1;0;2;1;2;4;1;1;2;2;4;0;3;2;0;2;1;1;2;1;1;0;1;1;2;2;1;1;1;2;2;0;6;2;0;4;1;3;1;0;0;3;3;2;1;0
75;和平门三千里烤肉;2;39.8901629;116.3787063;13;0;0;2;2;0;0;1;0;0;1;1;0;0;0;0;0;0;0;0;0;2;0;1;0;0;0;0;0;1;0;0;0;0;0;0;0;0;0;0;0;0;0;0;0;1;0;0;0;0;0;0;0;0;0
76;中国联通北京分公司;4;39.8894267;116.3786988;56;0;0;0;0;0;1;0;3;0;0;2;0;0;1;2;1;1;1;0;3;3;0;0;3;2;2;1;1;1;0;1;1;0;3;0;1;1;2;1;0;0;1;0;1;0;2;0;0;2;0;1;0;1;0
77;一番日本料理;2;39.8897949;116.3807546;178;1;5;6;2;1;3;5;1;1;2;4;7;7;4;7;6;4;3;3;4;0;0;3;3;2;3;1;1;3;3;3;2;1;5;2;3;4;2;2;2;5;0;6;3;1;4;2;4;4;2;2;6;2;0
78;飘HOME连锁酒店(珠市口店);4;39.88982228;116.3801741;104;0;1;2;4;1;1;2;2;3;2;2;0;5;0;0;0;0;2;1;3;3;5;1;1;2;3;0;0;1;1;3;0;2;2;1;1;4;5;2;5;3;2;2;4;3;0;2;1;2;2;0;2;0;0
79;大栅栏文体广场;5;39.88866203;116.3806339;146;0;1;0;0;1;1;0;0;0;1;1;1;4;4;5;5;6;3;4;5;4;3;1;4;7;5;3;3;3;5;2;6;2;2;0;2;3;4;0;0;0;0;0;0;0;3;0;1;0;0;0;1;0;0
80;远东国际青年旅社;4;39.89075187;116.3807335;128;0;0;5;0;1;3;6;1;2;1;0;0;6;2;1;4;2;2;1;1;2;7;1;1;2;5;2;5;4;2;1;3;7;4;2;3;3;1;2;1;3;1;2;2;2;2;1;1;2;0;1;2;2;0
81;南来顺饭庄(虎坊桥店);2;39.88829244;116.3800444;11;2;0;2;1;3;0;2;3;1;2;4;1;0;0;2;1;0;1;1;2;1;4;1;0;1;1;1;1;0;1;0;1;2;0;1;0;2;1;0;1;2;1;3;1;2;5;1;1;1;1;1;0;2;1
82;晋阳饭庄(珠市口店);2;39.88826164;116.3812634;2780;18;36;36;37;32;37;40;30;27;31;36;35;26;23;24;24;32;30;30;26;31;33;31;32;26;32;28;28;29;38;32;36;34;44;30;33;34;33;33;31;37;38;36;37;37;39;35;34;32;34;37;39;27;1
83;纪晓岚故居;3;39.88848154;116.3814133;717;5;13;9;12;14;10;11;13;10;12;13;11;10;10;10;10;10;8;11;5;12;10;10;11;9;8;16;12;11;10;8;9;15;16;10;7;8;10;6;18;11;11;10;10;13;8;13;13;6;9;9;9;8;0
84;石头胡同;6;39.89004159;116.3836515;246;4;1;0;2;5;5;5;5;4;3;1;1;3;3;5;4;6;5;3;0;0;4;1;6;3;4;2;5;1;5;4;5;7;7;5;4;9;3;6;2;8;5;6;4;4;7;1;3;2;5;4;6;0;1
85;北京市第九十五中学;5;39.88968063;116.3828322;5;0;0;0;0;0;0;0;0;0;0;0;0;0;0;0;0;0;0;0;0;1;0;0;0;0;0;0;0;0;0;0;0;0;0;0;1;1;0;0;0;0;1;0;0;0;0;0;0;0;0;0;0;0;1
86;98烧烤;2;39.88869935;116.3816941;161;1;4;3;3;1;0;1;2;1;4;2;4;1;1;0;3;5;2;3;3;4;1;4;2;3;4;4;2;2;5;3;3;5;7;2;2;0;3;4;4;1;4;2;2;0;4;1;3;3;2;5;1;3;1
87;北京轻联富润吉兴宾馆;4;39.89089959;116.384691;14;0;0;0;1;0;0;0;2;0;0;0;1;1;0;0;0;0;0;0;0;1;0;0;0;0;0;0;0;0;0;1;0;0;2;1;1;0;0;0;0;0;1;0;0;0;0;1;0;1;0;0;0;0;0
88;丰泽园饭庄 珠市口总店;2;39.88926807;116.3885395;3026;12;36;35;38;47;44;44;44;45;39;30;37;31;32;40;33;40;33;37;31;37;33;25;30;34;36;28;33;28;29;33;35;34;36;35;40;43;39;34;35;37;32;36;32;36;28;36;34;28;38;32;28;24;2
89;爱义行汽车服务珠市口店;4;39.88886908;116.3859706;225;2;5;1;6;7;9;7;10;4;4;6;2;4;4;5;3;3;4;3;2;7;2;6;1;2;3;5;2;1;4;5;4;0;1;3;2;5;5;3;2;3;2;4;3;6;5;2;4;4;3;3;3;4;1
90;曲芳餐厅;2;39.88913857;116.38716;11;0;1;1;1;0;0;0;0;0;0;0;0;0;0;0;0;0;0;1;0;0;0;0;0;0;0;0;0;0;0;0;0;0;0;0;1;1;0;0;0;0;1;1;0;0;0;0;0;0;0;1;0;0;0
91;煤市街南口;6;39.88979796;116.3887893;60;1;2;0;1;0;0;0;0;0;0;0;2;0;0;3;0;1;1;1;0;0;0;1;0;0;2;3;4;1;1;3;2;4;4;2;1;1;2;0;1;1;3;0;0;1;3;0;0;1;2;1;0;0;0
92;北京安成商务酒店;4;39.88894891;116.3863704;13;0;0;1;0;0;0;0;0;0;0;0;0;0;0;1;0;0;0;0;0;0;0;0;1;0;0;0;0;1;2;0;1;0;0;0;0;0;1;0;2;0;0;1;0;1;0;0;0;0;0;1;0;0;0
93;中俊老边饺子馆（和平门店）;2;39.89839366;116.3841221;188;5;1;5;2;5;5;1;6;5;2;1;6;2;6;6;4;4;1;5;3;5;4;1;0;2;3;4;2;5;6;2;2;3;2;3;4;4;3;2;1;3;2;3;5;3;5;2;3;2;4;2;6;1;0
94;东来顺前门店;2;39.89806356;116.3840994;4952;12;25;32;28;28;29;31;30;27;18;19;21;21;24;22;23;20;23;21;20;19;18;20;17;19;24;27;23;26;27;28;24;25;30;26;24;26;26;27;30;25;23;27;31;24;30;31;37;34;32;29;31;22;2
95;肯德基 前门店 KFC;2;39.89829446;116.3885239;243;1;5;6;3;5;7;5;3;1;2;3;3;4;4;3;1;3;4;4;0;1;4;1;1;2;2;5;6;3;2;4;4;8;5;6;10;5;4;5;5;7;1;3;2;6;4;1;4;6;10;5;3;5;0
96;铃木食堂(前门店);2;39.89447833;116.3871493;1327;4;13;11;12;11;13;7;12;10;4;7;6;7;7;6;7;6;7;4;5;5;5;10;12;10;9;9;8;12;11;9;11;11;13;14;13;13;11;12;14;13;13;12;11;13;13;11;10;13;13;11;13;9;0
97;渔芙南;2;39.89351022;116.3832515;388;1;6;6;5;7;6;5;3;2;1;5;5;5;5;5;2;6;5;4;6;6;5;3;5;4;4;5;5;3;5;5;4;6;4;4;3;2;3;4;5;6;6;4;4;5;2;5;3;3;4;5;4;1;0
98;东来顺饭庄(大栅栏店);2;39.89220168;116.384376;4947;12;25;32;28;28;29;31;30;27;18;19;21;21;24;22;23;20;23;20;20;19;15;20;16;19;24;27;22;26;27;28;24;26;30;26;24;26;26;27;30;25;23;27;31;24;30;31;37;34;32;29;31;22;2
99;壹勺子糖;2;39.89200051;116.3828519;315;1;4;7;5;6;2;3;4;2;4;2;2;3;5;6;1;5;4;5;3;7;5;3;5;6;4;6;4;3;7;2;7;2;4;4;5;1;5;4;5;8;5;7;4;5;5;7;5;7;6;1;4;1;0
100;秋林菜馆;2;39.89160118;116.3817627;48;0;0;0;0;3;0;1;1;1;3;1;1;2;1;0;2;0;3;0;0;0;0;0;0;3;1;0;0;1;1;2;2;0;0;0;0;0;0;2;4;0;2;0;2;3;1;1;0;0;0;0;3;0;0
101;上林仙居;2;39.89140704;116.3837684;77;1;1;0;3;4;1;0;1;0;1;0;1;1;0;0;1;0;5;2;0;0;2;1;3;2;2;0;2;1;3;4;1;6;1;0;1;0;2;1;0;0;0;0;0;0;0;1;3;1;3;4;1;2;0
102;连升商务酒店;4;39.89383434;116.3872144;106;1;1;1;1;1;1;3;2;1;1;0;0;2;0;4;1;1;2;2;1;0;3;2;3;0;4;2;3;2;3;3;3;5;1;5;3;2;0;2;4;2;4;2;2;3;3;2;1;1;0;1;1;0;0
103;京御园宾馆;4;39.89344866;116.3864597;42;0;1;0;0;0;0;0;2;0;1;0;0;1;0;2;1;2;1;3;0;0;3;0;0;0;0;0;1;1;1;2;0;1;1;2;2;0;2;1;0;1;1;1;1;0;2;1;1;0;0;0;0;0;0
104;北京兔爷儿;1;39.8939302;116.3814075;15;1;0;0;0;0;0;0;1;1;0;0;0;0;0;0;0;0;0;0;1;0;0;0;0;0;1;1;1;0;0;2;1;1;0;0;0;1;0;0;1;1;0;0;0;0;0;0;0;0;0;0;0;0;0
105;书的设计店;1;39.89477306;116.3876591;1;0;0;0;0;0;0;0;0;0;0;0;0;0;0;0;0;0;0;0;0;0;0;0;0;0;0;0;0;0;0;0;0;0;0;1;0;0;0;0;0;0;0;0;0;0;0;0;0;0;0;0;0;0;0
106;Twelve Moons;1;39.89471504;116.3873445;7;0;0;0;0;0;0;0;0;1;0;0;0;0;0;0;0;0;1;0;0;0;0;1;1;0;0;0;0;0;0;2;0;1;0;0;0;0;0;0;0;0;0;0;0;0;0;0;0;0;0;0;0;0;0
107;Taciturnli;1;39.89471504;116.3873445;4;0;0;0;0;0;0;0;0;0;0;0;0;0;0;0;0;0;0;0;0;0;0;0;0;1;0;0;0;0;1;0;0;0;0;0;0;0;0;0;0;0;0;1;0;0;0;0;0;0;0;0;0;0;0
108;Triple-Major;1;39.89446049;116.3868223;7;0;0;0;0;0;0;0;0;1;0;0;0;0;0;1;0;0;0;0;0;0;0;0;0;0;0;0;0;0;0;0;0;0;0;0;0;0;0;0;2;2;0;1;0;0;0;0;0;0;0;0;0;0;0
109;模范书局;1;39.89467269;116.3872433;34;0;2;1;3;1;2;1;0;0;0;1;0;1;0;1;1;1;2;0;1;1;0;0;0;0;0;1;1;1;1;1;0;0;1;1;0;0;0;0;2;0;0;1;1;0;2;0;0;0;0;0;0;0;0
110;采瓷坊;1;39.89459178;116.3869297;2;0;0;0;0;0;0;0;0;0;0;0;0;0;0;0;0;0;0;0;0;0;0;0;0;0;0;0;0;0;0;0;0;0;0;0;0;0;0;0;0;0;0;0;0;1;1;0;0;0;0;0;0;0;0
111;米念;1;39.89423524;116.3864294;7;0;1;0;0;0;0;0;0;0;0;0;0;0;0;0;1;0;0;0;0;0;1;1;1;0;0;0;0;0;0;0;0;0;0;0;0;0;0;0;1;0;0;0;0;0;0;0;1;0;0;0;0;0;0
112;Ubi Gallery;1;39.89424372;116.38623;10;0;0;0;0;0;0;0;0;0;0;0;0;0;0;0;0;0;1;0;0;0;0;1;1;1;0;0;0;0;0;0;0;0;1;0;0;0;0;0;0;0;1;2;0;0;2;0;0;0;0;0;0;0;0
113;济安斋书店;1;39.89419543;116.3861348;38;0;1;1;1;1;3;2;3;0;0;0;0;0;0;0;0;0;0;0;0;0;0;0;1;0;0;0;0;0;0;1;0;0;0;0;0;0;0;0;0;0;2;1;0;1;0;3;0;3;1;1;2;0;0
114;LI+U Workshop;1;39.89416203;116.3859264;1;0;0;0;0;0;0;0;0;0;0;0;0;0;0;0;0;0;0;0;0;0;0;0;0;0;0;0;0;0;0;0;0;0;0;0;0;0;1;0;0;0;0;0;0;0;0;0;0;0;0;0;0;0;0
115;Berry Beans;2;39.89411517;116.38578;217;3;8;6;3;3;3;1;3;3;3;2;2;0;2;7;4;2;3;4;2;4;6;2;5;1;3;3;3;5;5;2;3;2;2;4;2;4;1;3;2;3;2;1;3;0;3;1;1;3;1;4;4;3;0
116;生活室;2;39.89420287;116.3836772;24;0;2;2;2;0;0;0;0;0;0;0;0;0;0;0;0;0;0;0;0;0;0;0;0;0;0;0;0;0;0;0;0;0;0;0;1;0;0;0;1;1;2;0;1;0;0;1;0;0;2;1;1;1;0
117;一个人的剧场魁德社;3;39.89668261;116.3827929;4;0;0;0;0;0;0;0;0;0;0;0;0;0;0;0;0;1;0;0;0;0;0;1;0;0;0;0;0;0;0;0;0;0;0;1;0;0;0;0;0;1;0;0;0;0;0;0;0;0;0;0;0;0;0
118;小蚂蚁皮影艺术团;3;39.89774036;116.3836331;8;0;0;0;0;1;0;0;1;0;0;0;0;0;0;2;0;0;0;0;0;0;0;0;0;0;0;0;0;0;0;0;0;1;0;0;0;0;0;1;0;0;0;0;0;0;0;0;0;0;0;1;1;0;0
119;星巴克咖啡;2;39.89609345;116.3879887;2;0;1;0;0;0;0;0;1;0;0;0;0;0;0;0;0;0;0;0;0;0;0;0;0;0;0;0;0;0;0;0;0;0;0;0;0;0;0;0;0;0;0;0;0;0;0;0;0;0;0;0;0;0;0
120;乔当家脆皮火烧;2;39.89303207;116.3853843;21;0;0;1;1;0;0;0;0;1;0;0;0;0;0;0;0;0;0;0;0;0;0;0;0;0;0;0;0;0;0;0;0;0;0;0;0;0;0;0;0;0;0;0;2;1;1;0;5;2;1;1;1;0;0
121;华润万家便利超市;1;39.89422672;116.3876876;7;0;1;0;0;0;0;0;0;0;0;0;0;0;0;1;0;1;0;0;0;1;0;0;0;0;1;0;0;0;0;1;0;0;0;0;0;0;0;0;0;1;0;0;0;0;0;0;0;0;0;0;0;0;0
122;老北京羊蝎子;2;39.89346444;116.3858486;59;0;0;4;2;1;1;1;1;0;0;1;0;0;0;0;1;0;0;1;1;0;0;0;1;0;1;1;0;0;1;1;1;0;1;1;0;0;2;1;0;3;2;1;2;2;2;2;2;2;4;3;1;1;0
123;UPlant house有种房子;1;39.8935794;116.3839132;10;0;0;1;0;0;0;0;1;1;0;0;0;0;1;0;0;0;0;0;0;0;0;0;1;0;0;1;0;0;0;0;0;0;1;0;0;0;0;0;0;1;0;0;0;1;0;0;0;0;1;0;0;0;0
124;格格酥;2;39.89329485;116.3854206;168;4;4;4;5;5;5;6;2;3;5;0;4;0;0;4;2;3;3;4;1;4;0;2;1;2;2;4;3;1;2;1;5;1;4;3;8;3;4;6;1;4;5;4;5;2;1;1;2;5;2;0;1;2;0
125;皓阳文化酒店(大栅栏西街店);4;39.89357838;116.3862495;35;1;2;0;0;2;1;0;1;0;1;0;0;1;1;2;0;0;0;0;1;1;1;0;0;1;0;1;0;1;3;1;0;0;0;0;0;0;2;0;0;2;0;2;2;1;0;2;1;0;0;0;0;0;0
126;京华客栈;1;39.89358112;116.3868386;4;0;0;0;0;0;0;0;0;0;0;0;0;0;1;0;0;1;0;0;0;0;0;0;0;0;0;0;0;0;0;0;0;0;1;0;0;0;0;0;0;0;0;0;0;0;0;0;0;1;0;0;0;0;0
127;99连锁旅馆(前门大栅栏店);4;39.89311253;116.385699;4;0;0;0;0;0;0;0;0;0;0;0;0;0;0;0;1;0;0;0;0;0;0;0;0;0;0;0;0;0;0;0;1;0;0;0;0;0;0;0;0;2;0;0;0;0;0;0;0;0;0;0;0;0;0
128;臭热闹台湾小吃;2;39.893179;116.3851599;13;0;0;0;0;0;0;0;0;0;1;0;0;0;0;0;0;0;0;1;0;0;0;0;0;0;0;0;1;0;0;0;0;0;1;1;2;1;1;0;0;1;1;0;0;1;0;1;0;0;0;0;0;0;0
129;口留香煎饼(前门大栅栏店);2;39.89411265;116.3881993;66;0;2;1;1;4;3;2;0;2;2;2;0;1;2;1;2;0;1;0;1;0;0;0;1;1;2;1;2;1;0;0;1;2;2;0;0;1;0;1;0;2;1;0;0;0;0;0;1;0;0;0;0;1;0
130;东升平宾馆;4;39.89425329;116.3877588;12;0;0;0;0;0;0;0;0;0;0;0;0;1;1;0;0;1;0;0;0;0;0;0;0;1;0;0;0;0;3;0;0;1;2;0;0;0;0;0;0;0;0;2;0;0;0;0;0;0;0;0;0;0;0
131;彩虹之约;2;39.89124275;116.3835023;3;0;0;0;0;0;0;0;0;0;0;0;0;0;0;0;0;0;0;0;0;0;0;0;0;0;0;0;0;0;0;0;0;0;0;0;0;0;0;0;0;0;0;0;0;0;0;0;1;1;0;0;1;0;0
132;京华寻骊社;2;39.89358093;116.3868657;5;0;0;0;0;1;0;1;0;0;0;0;0;0;0;0;0;0;0;0;0;1;0;0;0;0;0;0;0;0;0;0;0;0;0;0;0;0;0;0;0;0;0;0;0;0;1;1;0;0;0;0;0;0;0
133;爱尚草原;2;39.89322126;116.3859897;2;0;0;0;0;0;0;0;0;0;0;0;0;0;0;0;0;0;0;0;0;0;0;0;0;0;0;0;0;0;0;0;0;0;0;0;0;0;1;0;0;0;0;0;0;0;0;0;0;0;0;1;0;0;0
134;贪嘴儿 零食忆站;1;39.89329283;116.3856681;5;0;0;0;0;0;0;0;0;0;0;0;0;0;0;0;0;0;0;0;0;0;0;0;0;0;0;0;0;0;0;0;0;0;0;0;0;0;0;0;0;0;0;1;1;1;0;0;0;0;0;0;0;0;0
135;轻联富润饭店(前门店);4;39.89386361;116.3852286;25;0;0;1;0;2;1;0;0;2;1;0;0;2;0;0;0;1;1;0;0;0;0;0;2;0;0;1;1;1;0;0;0;1;0;1;0;1;0;0;1;2;0;0;0;0;1;1;0;0;0;0;0;1;0
136;老北京炙子烤肉(西街店);2;39.89227724;116.3838911;9;0;1;0;0;0;0;0;0;0;1;0;0;0;0;0;0;0;1;0;0;1;0;1;0;0;0;1;0;0;0;0;0;0;0;0;0;0;1;0;0;0;2;0;0;0;0;0;0;0;0;0;0;0;0
137;盛永斋茶艺馆;2;39.89431386;116.3860828;2;0;1;0;0;0;0;0;0;0;0;0;0;0;0;0;0;0;0;0;0;0;0;0;0;0;0;0;0;0;0;0;0;0;0;0;0;0;0;0;0;0;0;1;0;0;0;0;0;0;0;0;0;0;0
138;客来宾馆;4;39.88988534;116.3843413;1;0;0;0;0;0;0;0;0;0;0;0;0;0;0;0;0;0;0;0;0;0;0;0;0;0;0;0;0;0;0;0;0;0;1;0;0;0;0;0;0;0;0;0;0;0;0;0;0;0;0;0;0;0;0
139;博盛园宾馆;4;39.8929821;116.3863993;2;0;0;0;0;0;0;0;0;0;0;0;0;0;0;0;0;0;0;0;0;0;0;0;0;0;0;0;0;0;0;0;0;1;0;0;0;0;0;0;0;0;0;0;0;0;0;1;0;0;0;0;0;0;0
140;山东老面大枣胖馒头;2;39.89688938;116.3829164;2;0;1;0;0;0;1;0;1;0;0;0;0;0;0;0;0;0;0;0;0;0;0;0;0;0;0;0;0;0;1;0;3;1;3;2;0;0;1;1;0;2;0;0;2;0;1;1;0;0;0;1;1;0;0
141;优优尚品(大栅栏西街店);2;39.89438319;116.3881184;1;1;0;0;0;0;0;0;0;0;0;0;0;0;0;0;0;0;0;0;0;0;0;0;0;0;0;0;0;0;0;0;0;0;0;0;0;0;0;0;0;0;0;0;0;0;0;0;0;0;0;0;0;0;0
142;福乐居火锅店;2;39.89296973;116.3854233;33;0;1;1;0;0;1;0;1;0;0;1;0;0;0;0;0;0;0;1;0;0;0;2;1;1;0;0;0;1;0;0;4;0;0;2;0;0;3;1;3;2;0;1;1;0;0;0;1;1;0;2;0;0;0
143;锦州烧烤;2;39.89315687;116.3852922;2;0;0;0;0;0;0;0;0;0;0;0;0;0;0;0;0;0;0;0;0;0;0;0;0;0;0;0;0;0;0;0;0;1;0;0;0;0;0;0;0;0;0;1;0;0;0;0;0;0;0;0;0;0;0
144;老郭早点;2;39.89044334;116.3845773;1;0;0;0;0;0;0;0;0;0;0;0;0;0;0;0;0;0;0;0;0;0;0;0;0;0;0;0;0;0;0;0;0;0;0;0;0;0;0;0;0;0;0;0;1;0;0;0;0;0;0;0;0;0;0
145;东方足韵;4;39.89334301;116.3862904;1;0;0;0;0;0;0;0;0;0;0;0;0;0;0;0;0;0;0;0;0;0;0;0;0;0;0;0;0;0;0;1;0;0;0;0;0;0;0;0;0;0;0;0;0;0;0;0;0;0;0;0;0;0;0
146;富源春排骨米饭;2;39.89235089;116.3841408;1;0;0;0;0;0;0;0;0;0;0;0;0;0;0;0;0;0;0;0;0;0;0;0;0;0;0;0;0;0;0;0;0;0;0;0;0;0;0;0;0;0;0;0;0;0;0;0;0;1;0;0;0;0;0
147;藏堡(前门店);2;39.89315687;116.3852922;23;0;0;1;3;1;2;0;2;0;0;0;1;0;0;0;0;1;0;0;0;1;0;1;1;3;0;0;0;0;0;0;1;0;0;0;0;1;0;0;0;0;0;0;0;1;1;0;0;0;1;1;0;0;0
148;老北京小吃;2;39.89499785;116.3883894;110;0;0;0;3;2;2;1;4;1;1;1;0;0;2;2;3;2;1;0;0;2;1;1;2;5;4;4;3;3;4;2;2;2;3;1;0;3;3;2;3;5;6;2;3;2;2;2;1;2;3;3;1;0;0
149;维斯特酒店(北京天安门大栅栏西...;4;39.89374315;116.3865593;36;0;2;1;0;2;0;0;1;2;0;0;0;0;0;0;0;0;0;0;0;0;0;0;0;0;0;0;0;0;5;0;0;0;0;0;0;1;0;0;0;0;0;0;0;0;2;1;0;1;0;1;0;0;0
150;珠家聚乐宾馆;4;39.89273543;116.3860795;3;0;0;0;0;0;0;0;0;0;0;0;0;1;0;0;1;0;0;0;0;0;1;0;0;0;0;0;0;0;0;0;0;0;0;0;0;0;0;0;0;0;0;0;0;0;0;0;0;0;0;0;0;0;0
151;B/C黑媚;1;39.89430864;116.387869;1;0;0;0;0;0;0;1;0;0;0;0;0;0;0;0;0;0;0;0;0;0;0;0;0;0;0;0;0;0;0;0;0;0;0;0;0;0;0;0;0;0;0;0;0;0;0;0;0;0;0;0;0;0;0
152;辣来缘川味馆;2;39.88883145;116.3837721;4;0;0;0;0;1;0;0;0;0;0;0;0;0;0;0;0;0;0;0;0;0;0;0;1;1;0;0;0;0;0;0;0;0;0;0;0;0;0;0;0;0;0;0;0;0;1;0;0;0;0;0;0;0;0
153;北京名吃十三绝;2;39.89406327;116.3872798;4;0;0;0;0;0;1;1;0;0;0;0;0;0;0;0;0;0;0;0;0;0;0;0;0;0;0;0;0;0;0;0;0;0;0;0;0;0;0;0;0;0;0;0;1;0;0;0;0;0;0;0;0;1;0
154;杨记包子铺;2;39.89292983;116.3851707;7;0;1;0;0;0;0;0;0;0;0;0;0;0;0;0;0;0;0;0;0;0;0;0;0;0;1;0;0;0;1;0;0;0;0;0;0;0;0;0;1;0;0;0;0;0;1;0;1;0;0;0;1;0;0
155;新升宾馆;4;39.89242875;116.3864249;4;0;0;0;0;0;0;0;0;0;0;0;1;0;0;0;0;0;0;0;0;0;1;1;0;0;0;0;0;0;0;0;0;0;0;0;0;0;0;0;0;0;0;0;1;0;0;0;0;0;0;0;0;0;0
156;悦华清旅馆;4;39.89397684;116.3878196;1;0;0;0;0;0;0;0;0;0;0;0;0;0;0;0;0;0;0;0;0;0;0;0;0;0;0;0;0;0;0;0;0;1;0;0;0;0;0;0;0;0;0;0;0;0;0;0;0;0;0;0;0;0;0
157;快艇酒店;4;39.89292502;116.3849171;3;1;0;0;0;1;0;0;0;0;0;0;0;0;0;0;0;0;0;0;0;0;0;0;0;0;0;0;0;0;0;0;0;0;0;0;0;0;0;0;0;0;0;0;0;0;0;1;0;0;0;0;0;0;0
158;新羽婷美发沙龙;4;39.89436253;116.3880593;1;0;0;0;0;0;0;0;0;0;0;0;0;0;0;0;0;0;0;0;0;0;0;0;0;1;0;0;0;0;0;0;0;0;0;0;0;0;0;0;0;0;0;0;0;0;0;0;0;0;0;0;0;0;0
159;李家包子铺;2;39.89280423;116.3845512;1;0;0;0;0;0;0;0;0;0;0;1;0;0;0;0;0;0;0;0;0;0;0;0;0;0;0;0;0;0;0;0;0;0;0;0;0;0;0;0;0;0;0;0;0;0;0;0;0;0;0;0;0;0;0
160;五联宾馆;4;39.89374915;116.3865593;1;0;0;0;0;0;0;0;0;0;0;0;0;0;0;0;0;0;0;0;0;0;0;0;0;0;0;0;0;0;0;0;0;0;0;0;0;0;0;0;0;0;0;0;0;0;0;0;0;1;0;0;0;0;0
161;雪满天超市;1;39.89430834;116.3879191;2;0;0;0;0;0;0;0;0;0;0;0;0;0;0;0;0;0;0;0;0;0;0;1;0;0;0;0;0;0;0;0;0;0;0;0;0;0;0;1;0;0;0;0;0;0;0;0;0;0;0;0;0;0;0
162;Beers89;2;39.89308309;116.3850295;25;0;0;0;1;1;1;0;0;1;0;1;1;0;2;0;2;1;0;1;1;1;0;2;1;0;0;0;0;0;0;2;1;0;0;1;0;0;0;2;0;0;0;0;1;0;0;0;0;0;0;0;0;0;0
163;5D疯狂体验;4;39.8933285;116.3854637;60;2;1;4;2;0;2;0;1;1;1;0;0;1;0;0;0;0;0;0;0;0;0;0;0;1;1;0;1;2;1;1;1;1;4;3;1;2;3;2;2;1;2;1;2;0;1;1;1;0;1;1;4;1;0
164;大力宾馆;4;39.89233952;116.3873195;5;0;0;0;0;0;0;0;0;0;0;0;0;0;1;0;0;0;0;0;0;0;0;0;0;0;0;0;0;0;0;1;0;1;0;1;0;0;0;0;0;0;0;0;0;0;0;0;0;0;0;1;0;0;0
165;花之蕊鞋店;1;39.89407714;116.3872999;1;0;0;0;0;0;0;0;0;0;1;0;0;0;0;0;0;0;0;0;0;0;0;0;0;0;0;0;0;0;0;0;0;0;0;0;0;0;0;0;0;0;0;0;0;0;0;0;0;0;0;0;0;0;0
166;中国移动;4;39.89323511;116.3860098;2;0;0;1;0;0;0;0;0;0;0;0;0;0;0;0;0;0;0;0;0;0;1;0;0;0;0;0;0;0;0;0;0;0;0;0;0;0;0;0;0;0;0;0;0;0;0;0;0;0;0;0;0;0;0
167;重庆小面;2;39.8940566;116.3872297;2;0;0;0;0;0;0;0;0;0;0;0;0;0;0;0;0;0;0;0;0;0;0;0;0;0;0;0;0;0;0;0;0;0;0;0;0;0;0;0;0;0;0;0;0;0;0;0;2;0;0;0;0;0;0
168;镂艺轩手工剪纸;1;39.89450162;116.3872461;1;0;0;0;0;0;0;0;0;1;0;0;0;0;0;0;0;0;0;0;0;0;0;0;0;0;0;0;0;0;0;0;0;0;0;0;0;0;0;0;0;0;0;0;0;0;0;0;0;0;0;0;0;0;0
169;鑫港宾馆;4;39.89400331;116.3879088;2;0;0;0;0;0;0;0;0;1;0;0;0;0;1;0;0;0;0;0;0;0;0;0;0;0;0;0;0;0;0;0;0;0;0;0;0;0;0;0;0;0;0;0;0;0;0;0;0;0;0;0;0;0;0
170;瑞丝琳＊西餐啤酒花园(总店);2;39.89309289;116.3855296;155;2;4;4;3;3;5;1;7;1;1;0;1;0;0;1;0;0;0;2;0;1;0;2;1;1;3;1;0;2;2;1;2;4;6;4;3;2;5;3;4;3;2;3;6;0;1;0;1;1;6;6;3;2;0
171;马迭尔.1906.MODERN(大栅栏店);2;39.89303207;116.3853843;83;2;3;0;2;3;2;2;2;4;2;1;3;2;1;1;2;3;1;1;1;0;1;0;2;2;2;3;0;2;2;0;0;0;0;1;1;2;1;2;1;1;1;1;2;0;0;1;1;4;0;0;3;2;0
172;果味豆浆;2;39.89391235;116.3869631;8;0;0;0;0;0;0;1;0;0;0;0;0;0;0;0;0;0;0;0;0;0;1;0;0;0;0;0;2;0;0;1;0;0;0;0;0;1;0;0;0;0;0;0;0;1;0;0;0;1;0;0;0;0;0
173;大栅栏茶馆;2;39.89438319;116.3881184;20;0;0;0;0;0;0;0;0;1;0;0;0;0;0;0;0;0;0;0;0;0;0;0;0;0;0;0;3;0;0;0;0;0;0;0;0;1;0;0;0;0;2;0;0;0;0;0;0;0;0;0;0;0;0
174;洗衣邦(虎坊桥店);4;39.89097905;116.3801982;1;0;0;0;0;0;0;0;0;0;0;0;0;0;0;0;0;0;0;0;0;0;0;0;0;0;0;0;0;0;0;0;0;0;0;0;0;0;0;0;0;0;0;0;0;0;0;0;0;0;1;0;0;0;0
175;大宏巷浴池;4;39.896608;116.3865587;3;0;1;0;0;0;0;0;0;0;0;0;0;0;0;0;0;0;0;0;0;0;0;0;0;0;0;0;0;0;1;0;0;0;0;0;0;0;0;0;0;0;0;0;0;0;0;0;1;0;0;0;0;0;0
